utk1 = 
[|      0:  1:  2:  3:  4:  5:  6:  7:  8:  9: 10: 11: 12: 13: 14: 15: 
 |  0:  0, 14,  0,  0,  0,  0,  0,  0,  1,  0, 11,  0,  0,  0,  0,  0
 |  1: 14,  0,  0,  0,  0, 11,  0,  0,  0,  0,  0,  0,  0,  0,  0,  1
 |  2:  0,  0,  0,  0, 11,  0,  1, 14,  0,  0,  0,  0,  0,  0,  0,  0
 |  3:  0,  1,  0,  0,  0,  0,  0,  0,  0,  0,  0, 11,  0,  0, 14,  0
 |  4:  1,  0, 11,  0,  0,  0,  0,  0,  0, 14,  0,  0,  0,  0,  0,  0
 |  5:  0,  0,  0,  0,  0,  0,  0,  1, 14,  0,  0,  0,  0, 11,  0,  0
 |  6:  0,  0,  0,  0,  0,  0,  0,  0,  0,  0,  0,  0, 11,  0,  1, 14
 |  7:  0,  0,  0, 11,  0,  0, 14,  0,  0,  1,  0,  0,  0,  0,  0,  0
 |  8:  0, 14,  0,  0,  0,  0,  0,  0,  1,  0, 11,  0,  0,  0,  0,  0
 |  9: 14,  0,  0,  0,  0, 11,  0,  0,  0,  0,  0,  0,  0,  0,  0,  1
 | 10:  0,  0,  0,  0, 11,  0,  1, 14,  0,  0,  0,  0,  0,  0,  0,  0
 | 11:  0,  1,  0,  0,  0,  0,  0,  0,  0,  0,  0, 11,  0,  0, 14,  0
 | 12:  1,  0, 11,  0,  0,  0,  0,  0,  0, 14,  0,  0,  0,  0,  0,  0
 | 13:  0,  0,  0,  0,  0,  0,  0,  1, 14,  0,  0,  0,  0, 11,  0,  0
 | 14:  0,  0,  0,  0,  0,  0,  0,  0,  0,  0,  0,  0, 11,  0,  1, 14
 |];
utk2 = 
[|      0:  1:  2: 3:  4: 5: 6:  7:  8:  9: 10: 11: 12: 13: 14: 15: 
 |  0:  0, 14,  0, 0,  0, 0, 0,  0,  1,  0, 11,  0,  0,  0,  0,  0
 |  1: 15,  0,  0, 0,  0, 5, 0,  0,  0,  0,  0,  0,  0,  0,  0,  2
 |  2:  0,  0,  0, 0, 10, 0, 4, 13,  0,  0,  0,  0,  0,  0,  0,  0
 |  3:  0,  8,  0, 0,  0, 0, 0,  0,  0,  0,  0,  7,  0,  0,  9,  0
 |  4:  3,  0, 14, 0,  0, 0, 0,  0,  0,  1,  0,  0,  0,  0,  0,  0
 |  5:  0,  0,  0, 0,  0, 0, 0,  6,  2,  0,  0,  0,  0, 15,  0,  0
 |  6:  0,  0,  0, 0,  0, 0, 0,  0,  0,  0,  0,  0, 13,  0, 12,  4
 |  7:  0,  0,  0, 9,  0, 0, 8,  0,  0, 11,  0,  0,  0,  0,  0,  0
 |  8:  0,  3,  0, 0,  0, 0, 0,  0,  5,  0,  1,  0,  0,  0,  0,  0
 |  9:  6,  0,  0, 0,  0, 2, 0,  0,  0,  0,  0,  0,  0,  0,  0, 10
 | 10:  0,  0,  0, 0,  4, 0, 7, 12,  0,  0,  0,  0,  0,  0,  0,  0
 | 11:  0, 14,  0, 0,  0, 0, 0,  0,  0,  0,  0,  8,  0,  0, 11,  0
 | 12: 15,  0,  3, 0,  0, 0, 0,  0,  0,  5,  0,  0,  0,  0,  0,  0
 | 13:  0,  0,  0, 0,  0, 0, 0, 13, 10,  0,  0,  0,  0,  6,  0,  0
 | 14:  0,  0,  0, 0,  0, 0, 0,  0,  0,  0,  0,  0, 12,  0,  9,  7
 |];
utk3 = 
[|      0: 1:  2: 3: 4: 5:  6:  7:  8:  9: 10: 11: 12: 13: 14: 15: 
 |  0:  0, 3,  0, 0, 0, 0,  0,  0,  5,  0,  1,  0,  0,  0,  0,  0
 |  1: 12, 0,  0, 0, 0, 4,  0,  0,  0,  0,  0,  0,  0,  0,  0,  7
 |  2:  0, 0,  0, 0, 3, 0, 15,  5,  0,  0,  0,  0,  0,  0,  0,  0
 |  3:  0, 9,  0, 0, 0, 0,  0,  0,  0,  0,  0, 12,  0,  0,  7,  0
 |  4:  2, 0,  5, 0, 0, 0,  0,  0,  0, 15,  0,  0,  0,  0,  0,  0
 |  5:  0, 0,  0, 0, 0, 0,  0,  8,  9,  0,  0,  0,  0,  7,  0,  0
 |  6:  0, 0,  0, 0, 0, 0,  0,  0,  0,  0,  0,  0, 15,  0,  6,  2
 |  7:  0, 0,  0, 9, 0, 0,  8,  0,  0, 11,  0,  0,  0,  0,  0,  0
 |  8:  0, 6,  0, 0, 0, 0,  0,  0, 10,  0,  2,  0,  0,  0,  0,  0
 |  9: 11, 0,  0, 0, 0, 8,  0,  0,  0,  0,  0,  0,  0,  0,  0, 14
 | 10:  0, 0,  0, 0, 6, 0, 13, 10,  0,  0,  0,  0,  0,  0,  0,  0
 | 11:  0, 1,  0, 0, 0, 0,  0,  0,  0,  0,  0, 11,  0,  0, 14,  0
 | 12:  4, 0, 10, 0, 0, 0,  0,  0,  0, 13,  0,  0,  0,  0,  0,  0
 | 13:  0, 0,  0, 0, 0, 0,  0,  3,  1,  0,  0,  0,  0, 14,  0,  0
 | 14:  0, 0,  0, 0, 0, 0,  0,  0,  0,  0,  0,  0, 13,  0, 12,  4
 |];
ustk = 
[|      0:  1: 2:  3: 4:  5:  6:  7:  8: 9: 10: 11: 12: 13: 14: 15: 
 |  0:  0,  3, 0,  0, 0,  0,  0,  0,  5, 0,  1,  0,  0,  0,  0,  0
 |  1: 13,  0, 0,  0, 0, 10,  0,  0,  0, 0,  0,  0,  0,  0,  0,  4
 |  2:  0,  0, 0,  0, 2,  0, 10,  6,  0, 0,  0,  0,  0,  0,  0,  0
 |  3:  0,  0, 0,  0, 0,  0,  0,  0,  0, 0,  0,  0,  0,  0,  0,  0
 |  4:  0,  0, 0,  0, 0,  0,  0,  0,  0, 0,  0,  0,  0,  0,  0,  0
 |  5:  0,  0, 0,  0, 0,  0,  0, 15,  5, 0,  0,  0,  0,  3,  0,  0
 |  6:  0,  0, 0,  0, 0,  0,  0,  0,  0, 0,  0,  0,  9,  0, 11,  8
 |  7:  0,  0, 0, 11, 0,  0, 14,  0,  0, 1,  0,  0,  0,  0,  0,  0
 |  8:  0, 11, 0,  0, 0,  0,  0,  0, 14, 0,  8,  0,  0,  0,  0,  0
 |  9:  3,  0, 0,  0, 0,  1,  0,  0,  0, 0,  0,  0,  0,  0,  0,  5
 | 10:  0,  0, 0,  0, 9,  0, 11,  8,  0, 0,  0,  0,  0,  0,  0,  0
 | 11:  0, 14, 0,  0, 0,  0,  0,  0,  0, 0,  0,  8,  0,  0, 11,  0
 | 12: 10,  0, 2,  0, 0,  0,  0,  0,  0, 6,  0,  0,  0,  0,  0,  0
 | 13:  0,  0, 0,  0, 0,  0,  0, 15,  5, 0,  0,  0,  0,  3,  0,  0
 | 14:  0,  0, 0,  0, 0,  0,  0,  0,  0, 0,  0,  0, 10,  0,  4, 13
 |];
ltk1 = 
[|      0:  1: 2: 3: 4: 5:  6:  7:  8:  9: 10: 11: 12: 13: 14: 15: 
 |  0:  0,  0, 0, 0, 0, 0,  9, 15,  0,  0,  0,  0,  0,  0,  0,  0
 |  1:  0,  9, 0, 0, 0, 0,  0,  0,  0,  0,  0,  0,  0,  0, 15,  0
 |  2:  9,  0, 0, 0, 0, 0,  0,  0,  0, 15,  0,  0,  0,  0,  0,  0
 |  3:  0,  0, 0, 0, 0, 0,  0,  9, 15,  0,  0,  0,  0,  0,  0,  0
 |  4:  0,  0, 0, 0, 0, 0,  0,  0,  0,  0,  0,  0,  0,  0,  9, 15
 |  5:  0,  0, 0, 0, 0, 0, 15,  0,  0,  9,  0,  0,  0,  0,  0,  0
 |  6:  0, 15, 0, 0, 0, 0,  0,  0,  9,  0,  0,  0,  0,  0,  0,  0
 |  7: 15,  0, 0, 0, 0, 0,  0,  0,  0,  0,  0,  0,  0,  0,  0,  9
 |  8:  0,  0, 0, 0, 0, 0,  9, 15,  0,  0,  0,  0,  0,  0,  0,  0
 |  9:  0,  9, 0, 0, 0, 0,  0,  0,  0,  0,  0,  0,  0,  0, 15,  0
 | 10:  9,  0, 0, 0, 0, 0,  0,  0,  0, 15,  0,  0,  0,  0,  0,  0
 | 11:  0,  0, 0, 0, 0, 0,  0,  9, 15,  0,  0,  0,  0,  0,  0,  0
 | 12:  0,  0, 0, 0, 0, 0,  0,  0,  0,  0,  0,  0,  0,  0,  9, 15
 | 13:  0,  0, 0, 0, 0, 0, 15,  0,  0,  9,  0,  0,  0,  0,  0,  0
 | 14:  0, 15, 0, 0, 0, 0,  0,  0,  9,  0,  0,  0,  0,  0,  0,  0
 |];
ltk2 = 
[|      0:  1: 2: 3: 4: 5:  6:  7:  8:  9: 10: 11: 12: 13: 14: 15: 
 |  0:  0,  0, 0, 0, 0, 0,  5, 12,  0,  0,  0,  0,  0,  0,  0,  0
 |  1:  0, 10, 0, 0, 0, 0,  0,  0,  0,  0,  0,  0,  0,  0, 11,  0
 |  2:  7,  0, 0, 0, 0, 0,  0,  0,  0,  5,  0,  0,  0,  0,  0,  0
 |  3:  0,  0, 0, 0, 0, 0,  0, 14, 10,  0,  0,  0,  0,  0,  0,  0
 |  4:  0,  0, 0, 0, 0, 0,  0,  0,  0,  0,  0,  0,  0,  0, 15,  7
 |  5:  0,  0, 0, 0, 0, 0, 14,  0,  0, 13,  0,  0,  0,  0,  0,  0
 |  6:  0, 15, 0, 0, 0, 0,  0,  0,  9,  0,  0,  0,  0,  0,  0,  0
 |  7: 13,  0, 0, 0, 0, 0,  0,  0,  0,  0,  0,  0,  0,  0,  0,  1
 |  8:  0,  0, 0, 0, 0, 0,  2,  9,  0,  0,  0,  0,  0,  0,  0,  0
 |  9:  0,  4, 0, 0, 0, 0,  0,  0,  0,  0,  0,  0,  0,  0,  1,  0
 | 10:  8,  0, 0, 0, 0, 0,  0,  0,  0,  2,  0,  0,  0,  0,  0,  0
 | 11:  0,  0, 0, 0, 0, 0,  0,  3,  4,  0,  0,  0,  0,  0,  0,  0
 | 12:  0,  0, 0, 0, 0, 0,  0,  0,  0,  0,  0,  0,  0,  0,  6,  8
 | 13:  0,  0, 0, 0, 0, 0,  3,  0,  0, 12,  0,  0,  0,  0,  0,  0
 | 14:  0,  6, 0, 0, 0, 0,  0,  0, 11,  0,  0,  0,  0,  0,  0,  0
 |];
ltk3 = 
[|      0:  1: 2: 3: 4: 5:  6:  7:  8:  9: 10: 11: 12: 13: 14: 15: 
 |  0:  0,  0, 0, 0, 0, 0,  7,  5,  0,  0,  0,  0,  0,  0,  0,  0
 |  1:  0, 15, 0, 0, 0, 0,  0,  0,  0,  0,  0,  0,  0,  0,  7,  0
 |  2:  9,  0, 0, 0, 0, 0,  0,  0,  0, 15,  0,  0,  0,  0,  0,  0
 |  3:  0,  0, 0, 0, 0, 0,  0,  2,  9,  0,  0,  0,  0,  0,  0,  0
 |  4:  0,  0, 0, 0, 0, 0,  0,  0,  0,  0,  0,  0,  0,  0,  8,  2
 |  5:  0,  0, 0, 0, 0, 0,  8,  0,  0,  6,  0,  0,  0,  0,  0,  0
 |  6:  0,  6, 0, 0, 0, 0,  0,  0, 11,  0,  0,  0,  0,  0,  0,  0
 |  7: 11,  0, 0, 0, 0, 0,  0,  0,  0,  0,  0,  0,  0,  0,  0, 10
 |  8:  0,  0, 0, 0, 0, 0, 14, 10,  0,  0,  0,  0,  0,  0,  0,  0
 |  9:  0, 13, 0, 0, 0, 0,  0,  0,  0,  0,  0,  0,  0,  0, 14,  0
 | 10:  1,  0, 0, 0, 0, 0,  0,  0,  0, 13,  0,  0,  0,  0,  0,  0
 | 11:  0,  0, 0, 0, 0, 0,  0,  4,  1,  0,  0,  0,  0,  0,  0,  0
 | 12:  0,  0, 0, 0, 0, 0,  0,  0,  0,  0,  0,  0,  0,  0,  3,  4
 | 13:  0,  0, 0, 0, 0, 0,  3,  0,  0, 12,  0,  0,  0,  0,  0,  0
 | 14:  0, 12, 0, 0, 0, 0,  0,  0,  5,  0,  0,  0,  0,  0,  0,  0
 |];
lstk = 
[|     0:  1: 2: 3: 4: 5:  6:  7:  8: 9: 10: 11: 12: 13: 14: 15: 
 |  0: 0,  0, 0, 0, 0, 0, 11,  6,  0, 0,  0,  0,  0,  0,  0,  0
 |  1: 0, 12, 0, 0, 0, 0,  0,  0,  0, 0,  0,  0,  0,  0,  3,  0
 |  2: 7,  0, 0, 0, 0, 0,  0,  0,  0, 5,  0,  0,  0,  0,  0,  0
 |  3: 0,  0, 0, 0, 0, 0,  0,  5, 12, 0,  0,  0,  0,  0,  0,  0
 |  4: 0,  0, 0, 0, 0, 0,  0,  0,  0, 0,  0,  0,  0,  0, 14, 10
 |  5: 0,  0, 0, 0, 0, 0,  9,  0,  0, 2,  0,  0,  0,  0,  0,  0
 |  6: 0,  6, 0, 0, 0, 0,  0,  0, 11, 0,  0,  0,  0,  0,  0,  0
 |  7: 9,  0, 0, 0, 0, 0,  0,  0,  0, 0,  0,  0,  0,  0,  0,  2
 |  8: 0,  0, 0, 0, 0, 0,  5, 12,  0, 0,  0,  0,  0,  0,  0,  0
 |  9: 0,  0, 0, 0, 0, 0,  0,  0,  0, 0,  0,  0,  0,  0,  0,  0
 | 10: 0,  0, 0, 0, 0, 0,  0,  0,  0, 0,  0,  0,  0,  0,  0,  0
 | 11: 0,  0, 0, 0, 0, 0,  0, 14, 10, 0,  0,  0,  0,  0,  0,  0
 | 12: 0,  0, 0, 0, 0, 0,  0,  0,  0, 0,  0,  0,  0,  0, 12,  3
 | 13: 0,  0, 0, 0, 0, 0, 15,  0,  0, 9,  0,  0,  0,  0,  0,  0
 | 14: 0,  5, 0, 0, 0, 0,  0,  0,  7, 0,  0,  0,  0,  0,  0,  0
 |];
dz = 
[|     0: 1: 2: 3:  4:  5:  6:  7: 8: 9: 10: 11: 12: 13: 14: 15: 
 |  0: 0, 0, 0, 0,  0,  0,  0,  0, 0, 0,  0,  0,  1,  2,  3,  4
 |  1: 0, 0, 0, 0, 15,  0,  0,  1, 0, 0,  0,  0,  0,  0,  0,  0
 |  2: 0, 0, 0, 0,  0,  0,  0,  0, 0, 0,  0,  0,  0,  0,  0,  0
 |  3: 0, 0, 0, 0,  0,  0,  0,  0, 0, 0,  0,  0,  0,  0,  0,  0
 |  4: 0, 0, 0, 0,  0,  0,  0,  0, 0, 0,  0,  0,  0,  0,  0,  0
 |  5: 0, 0, 0, 0,  0,  0,  0,  0, 0, 0,  0,  0,  0,  0,  0,  0
 |  6: 0, 0, 0, 0,  0,  0,  0,  0, 0, 0,  0,  0,  9,  1,  8,  2
 |  7: 0, 0, 0, 0,  8, 10,  0, 11, 0, 0,  0,  0,  0,  0,  0,  0
 |  8: 0, 0, 0, 0,  0,  0,  0,  0, 0, 0,  0,  0,  0,  0,  0,  0
 |  9: 0, 0, 0, 0,  0,  0,  0,  0, 0, 0,  0,  0,  0,  0,  0,  0
 | 10: 0, 0, 0, 0,  0,  0,  0,  0, 0, 0,  0,  0,  0,  0,  0,  0
 | 11: 0, 0, 0, 0,  0,  0,  0,  0, 0, 0,  0,  0,  2, 11,  0,  6
 | 12: 0, 0, 0, 0, 14,  7, 15,  9, 2, 9, 15, 13,  0,  0,  0,  0
 | 13: 0, 0, 0, 0,  0,  0,  0,  0, 0, 0,  0,  0,  0,  0,  0,  0
 |];
----------