uW0 = 
[|     0: 1: 2: 3: 4: 5: 6: 7: 8: 9: 10: 11: 12: 13: 14: 15: 
 | -1: 3, 1, 3, 1, 1, 3, 3, 3, 3, 1,  3,  1,  1,  3,  1,  3
 |  0: 3, 3, 3, 3, 0, 0, 0, 0, 3, 3,  3,  3,  1,  1,  1,  1
 |  1: 1, 0, 1, 1, 0, 1, 1, 1, 1, 1,  1,  0,  1,  1,  0,  1
 |  2: 0, 0, 0, 0, 0, 0, 0, 0, 0, 0,  0,  0,  0,  0,  0,  0
 |  3: 0, 0, 0, 0, 0, 0, 0, 0, 0, 0,  0,  0,  0,  0,  0,  0
 |  4: 3, 3, 3, 3, 3, 3, 3, 3, 0, 0,  0,  0,  3,  3,  3,  3
 |  5: 3, 3, 3, 3, 3, 3, 3, 3, 3, 3,  3,  3,  3,  3,  3,  3
 |  6: 3, 3, 3, 3, 3, 3, 3, 3, 3, 3,  3,  3,  3,  3,  3,  3
 |  7: 3, 3, 3, 3, 3, 3, 3, 3, 3, 3,  3,  3,  3,  3,  3,  3
 |  8: 3, 3, 3, 3, 3, 3, 3, 3, 3, 3,  3,  3,  3,  3,  3,  3
 |];
uX0 = 
[|    0: 1: 2: 3: 4: 5: 6: 7: 8: 9: 10: 11: 12: 13: 14: 15: 
 | 0: 3, 0, 3, 0, 0, 3, 2, 3, 3, 0,  3,  0,  0,  3,  0,  3
 | 1: 2, 2, 2, 2, 0, 0, 0, 0, 2, 2,  2,  2,  0,  0,  0,  0
 | 2: 0, 0, 0, 0, 0, 0, 0, 0, 0, 0,  0,  0,  0,  0,  0,  0
 | 3: 0, 0, 0, 0, 0, 0, 0, 0, 0, 0,  0,  0,  0,  0,  0,  0
 | 4: 1, 1, 0, 1, 1, 1, 1, 0, 0, 1,  1,  1,  1,  0,  1,  1
 | 5: 3, 3, 3, 3, 3, 3, 3, 3, 1, 1,  1,  1,  3,  3,  3,  3
 | 6: 3, 3, 3, 3, 3, 3, 3, 3, 3, 3,  3,  3,  3,  3,  3,  3
 | 7: 3, 3, 3, 3, 3, 3, 3, 3, 3, 3,  3,  3,  3,  3,  3,  3
 | 8: 3, 3, 3, 3, 3, 3, 3, 3, 3, 3,  3,  3,  3,  3,  3,  3
 | 9: 3, 3, 3, 3, 3, 3, 3, 3, 3, 3,  3,  3,  3,  3,  3,  3
 |];
uY0 = 
[|    0: 1: 2: 3: 4: 5: 6: 7: 8: 9: 10: 11: 12: 13: 14: 15: 
 | 0: 3, 0, 3, 0, 0, 3, 1, 3, 3, 0,  3,  0,  0,  3,  0,  3
 | 1: 1, 1, 1, 1, 0, 0, 0, 0, 1, 1,  1,  1,  0,  0,  0,  0
 | 2: 0, 0, 0, 0, 0, 0, 0, 0, 0, 0,  0,  0,  0,  0,  0,  0
 | 3: 0, 0, 0, 0, 0, 0, 0, 0, 0, 0,  0,  0,  0,  0,  0,  0
 | 4: 2, 2, 0, 2, 2, 2, 2, 0, 0, 2,  2,  2,  2,  0,  2,  2
 | 5: 3, 3, 3, 3, 3, 3, 3, 3, 2, 2,  2,  2,  3,  3,  3,  3
 | 6: 3, 3, 3, 3, 3, 3, 3, 3, 3, 3,  3,  3,  3,  3,  3,  3
 | 7: 3, 3, 3, 3, 3, 3, 3, 3, 3, 3,  3,  3,  3,  3,  3,  3
 | 8: 3, 3, 3, 3, 3, 3, 3, 3, 3, 3,  3,  3,  3,  3,  3,  3
 |];
uZ0 = 
[|    0: 1: 2: 3: 4: 5: 6: 7: 8: 9: 10: 11: 12: 13: 14: 15: 
 | 0: 3, 3, 3, 3, 0, 0, 0, 0, 3, 3,  3,  3,  0,  0,  1,  0
 | 1: 1, 0, 1, 0, 0, 1, 0, 1, 1, 0,  1,  0,  0,  1,  0,  1
 | 2: 0, 0, 0, 0, 0, 0, 0, 0, 0, 0,  0,  0,  0,  0,  0,  0
 | 3: 0, 0, 0, 0, 0, 0, 0, 0, 0, 0,  0,  0,  0,  0,  0,  0
 | 4: 2, 2, 2, 2, 2, 2, 2, 2, 0, 0,  0,  0,  2,  2,  2,  2
 | 5: 3, 3, 2, 3, 3, 2, 3, 3, 2, 3,  3,  3,  3,  3,  3,  2
 | 6: 3, 3, 3, 3, 3, 3, 3, 3, 3, 3,  3,  3,  3,  3,  3,  3
 | 7: 3, 3, 3, 3, 3, 3, 3, 3, 3, 3,  3,  3,  3,  3,  3,  3
 | 8: 3, 3, 3, 3, 3, 3, 3, 3, 3, 3,  3,  3,  3,  3,  3,  3
 |];
ustk0 = 
[|    0: 1: 2: 3: 4: 5: 6: 7: 8: 9: 10: 11: 12: 13: 14: 15: 
 | 0: 0, 1, 1, 1, 1, 0, 1, 1, 1, 1,  0,  1,  1,  1,  1,  0
 | 1: 1, 1, 1, 1, 0, 0, 0, 0, 1, 1,  1,  1,  1,  1,  1,  1
 | 2: 1, 0, 1, 1, 0, 1, 1, 1, 1, 1,  1,  0,  1,  1,  0,  1
 | 3: 0, 0, 0, 0, 0, 0, 0, 0, 0, 0,  0,  0,  0,  0,  0,  0
 | 4: 1, 1, 0, 1, 1, 1, 1, 0, 0, 1,  1,  1,  1,  0,  1,  1
 | 5: 1, 1, 1, 1, 1, 1, 1, 1, 1, 1,  1,  1,  0,  0,  0,  0
 | 6: 1, 1, 1, 0, 1, 1, 0, 1, 1, 0,  1,  1,  0,  1,  1,  1
 | 7: 1, 0, 1, 0, 1, 1, 1, 1, 0, 1,  0,  1,  1,  1,  1,  1
 | 8: 0, 1, 1, 1, 1, 0, 1, 1, 1, 1,  0,  1,  1,  1,  1,  0
 | 9: 1, 1, 1, 1, 0, 0, 0, 0, 1, 1,  1,  1,  1,  1,  1,  1
 |];
ucan0 = 
[|    0: 1: 2: 3: 4: 5: 6: 7: 8: 9: 10: 11: 12: 13: 14: 15: 
 | 0: 0, 1, 0, 1, 1, 0, 0, 0, 0, 1,  0,  1,  1,  0,  1,  0
 | 1: 0, 0, 0, 0, 0, 0, 0, 0, 0, 0,  0,  0,  1,  1,  1,  1
 | 2: 1, 0, 1, 1, 0, 1, 1, 1, 1, 1,  1,  0,  1,  1,  0,  1
 | 3: 0, 0, 0, 0, 0, 0, 0, 0, 0, 0,  0,  0,  0,  0,  0,  0
 | 4: 0, 0, 0, 0, 0, 0, 0, 0, 0, 0,  0,  0,  0,  0,  0,  0
 | 5: 0, 0, 0, 0, 0, 0, 0, 0, 0, 0,  0,  0,  0,  0,  0,  0
 | 6: 0, 0, 0, 0, 0, 0, 0, 0, 0, 0,  0,  0,  0,  0,  0,  0
 | 7: 0, 0, 0, 0, 0, 0, 0, 0, 0, 0,  0,  0,  0,  0,  0,  0
 | 8: 0, 0, 0, 0, 0, 0, 0, 0, 0, 0,  0,  0,  0,  0,  0,  0
 | 9: 0, 0, 0, 0, 0, 0, 0, 0, 0, 0,  0,  0,  0,  0,  0,  0
 |];
uAC0 = 
[|    0: 1: 2: 3: 
 | 0: 3, 0, 3, 1
 | 1: 1, 1, 1, 1
 | 2: 0, 0, 0, 0
 | 3: 0, 0, 0, 0
 | 4: 2, 2, 0, 2
 | 5: 3, 3, 3, 3
 | 6: 3, 3, 3, 3
 | 7: 3, 3, 3, 3
 | 8: 3, 3, 3, 3
 |];
uW1 = 
[|     0: 1: 2: 3: 4: 5: 6: 7: 8: 9: 10: 11: 12: 13: 14: 15: 
 | -1: 3, 1, 3, 1, 1, 3, 3, 3, 3, 1,  3,  1,  1,  3,  1,  3
 |  0: 3, 3, 3, 3, 0, 0, 0, 0, 3, 3,  3,  3,  1,  1,  1,  1
 |  1: 1, 0, 1, 1, 0, 1, 1, 1, 1, 1,  1,  0,  1,  1,  0,  1
 |  2: 0, 0, 0, 0, 0, 0, 0, 0, 0, 0,  0,  0,  0,  0,  0,  0
 |  3: 0, 0, 0, 0, 0, 0, 0, 0, 0, 0,  0,  0,  0,  0,  0,  0
 |  4: 3, 3, 3, 3, 3, 3, 3, 3, 0, 0,  0,  0,  3,  3,  3,  3
 |  5: 3, 3, 3, 3, 3, 3, 3, 3, 3, 3,  3,  3,  3,  3,  3,  3
 |  6: 3, 3, 3, 3, 3, 3, 3, 3, 3, 3,  3,  3,  3,  3,  3,  3
 |  7: 3, 3, 3, 3, 3, 3, 3, 3, 3, 3,  3,  3,  3,  3,  3,  3
 |  8: 3, 3, 3, 3, 3, 3, 3, 3, 3, 3,  3,  3,  3,  3,  3,  3
 |];
uX1 = 
[|    0: 1: 2: 3: 4: 5: 6: 7: 8: 9: 10: 11: 12: 13: 14: 15: 
 | 0: 3, 0, 3, 0, 0, 3, 2, 3, 3, 0,  3,  0,  0,  3,  0,  3
 | 1: 2, 2, 2, 2, 0, 0, 0, 0, 2, 2,  2,  2,  0,  0,  0,  0
 | 2: 0, 0, 0, 0, 0, 0, 0, 0, 0, 0,  0,  0,  0,  0,  0,  0
 | 3: 0, 0, 0, 0, 0, 0, 0, 0, 0, 0,  0,  0,  0,  0,  0,  0
 | 4: 1, 1, 0, 1, 1, 1, 1, 0, 0, 1,  1,  1,  1,  0,  1,  1
 | 5: 3, 3, 3, 3, 3, 3, 3, 3, 1, 1,  1,  1,  3,  3,  3,  3
 | 6: 3, 3, 3, 3, 3, 3, 3, 3, 3, 3,  3,  3,  3,  3,  3,  3
 | 7: 3, 3, 3, 3, 3, 3, 3, 3, 3, 3,  3,  3,  3,  3,  3,  3
 | 8: 3, 3, 3, 3, 3, 3, 3, 3, 3, 3,  3,  3,  3,  3,  3,  3
 | 9: 3, 3, 3, 3, 3, 3, 3, 3, 3, 3,  3,  3,  3,  3,  3,  3
 |];
uY1 = 
[|    0: 1: 2: 3: 4: 5: 6: 7: 8: 9: 10: 11: 12: 13: 14: 15: 
 | 0: 3, 0, 3, 0, 0, 3, 1, 3, 3, 0,  3,  0,  0,  3,  0,  3
 | 1: 1, 1, 1, 1, 0, 0, 0, 0, 1, 1,  1,  1,  0,  0,  0,  0
 | 2: 0, 0, 0, 0, 0, 0, 0, 0, 0, 0,  0,  0,  0,  0,  0,  0
 | 3: 0, 0, 0, 0, 0, 0, 0, 0, 0, 0,  0,  0,  0,  0,  0,  0
 | 4: 2, 2, 0, 2, 2, 2, 2, 0, 0, 2,  2,  2,  2,  0,  2,  2
 | 5: 3, 3, 3, 3, 3, 3, 3, 3, 2, 2,  2,  2,  3,  3,  3,  3
 | 6: 3, 3, 3, 3, 3, 3, 3, 3, 3, 3,  3,  3,  3,  3,  3,  3
 | 7: 3, 3, 3, 3, 3, 3, 3, 3, 3, 3,  3,  3,  3,  3,  3,  3
 | 8: 3, 3, 3, 3, 3, 3, 3, 3, 3, 3,  3,  3,  3,  3,  3,  3
 |];
uZ1 = 
[|    0: 1: 2: 3: 4: 5: 6: 7: 8: 9: 10: 11: 12: 13: 14: 15: 
 | 0: 3, 3, 3, 3, 0, 0, 0, 0, 3, 3,  3,  3,  0,  0,  1,  0
 | 1: 1, 0, 1, 0, 0, 1, 0, 1, 1, 0,  1,  0,  0,  1,  0,  1
 | 2: 0, 0, 0, 0, 0, 0, 0, 0, 0, 0,  0,  0,  0,  0,  0,  0
 | 3: 0, 0, 0, 0, 0, 0, 0, 0, 0, 0,  0,  0,  0,  0,  0,  0
 | 4: 2, 2, 2, 2, 2, 2, 2, 2, 0, 0,  0,  0,  2,  2,  2,  2
 | 5: 3, 3, 2, 3, 3, 2, 3, 3, 2, 3,  3,  3,  3,  3,  3,  2
 | 6: 3, 3, 3, 3, 3, 3, 3, 3, 3, 3,  3,  3,  3,  3,  3,  3
 | 7: 3, 3, 3, 3, 3, 3, 3, 3, 3, 3,  3,  3,  3,  3,  3,  3
 | 8: 3, 3, 3, 3, 3, 3, 3, 3, 3, 3,  3,  3,  3,  3,  3,  3
 |];
ustk1 = 
[|    0: 1: 2: 3: 4: 5: 6: 7: 8: 9: 10: 11: 12: 13: 14: 15: 
 | 0: 0, 1, 1, 1, 1, 0, 1, 1, 1, 1,  0,  1,  1,  1,  1,  0
 | 1: 1, 1, 1, 1, 0, 0, 0, 0, 1, 1,  1,  1,  1,  1,  1,  1
 | 2: 1, 0, 1, 1, 0, 1, 1, 1, 1, 1,  1,  0,  1,  1,  0,  1
 | 3: 0, 0, 0, 0, 0, 0, 0, 0, 0, 0,  0,  0,  0,  0,  0,  0
 | 4: 1, 1, 0, 1, 1, 1, 1, 0, 0, 1,  1,  1,  1,  0,  1,  1
 | 5: 1, 1, 1, 1, 1, 1, 1, 1, 1, 1,  1,  1,  0,  0,  0,  0
 | 6: 1, 1, 1, 0, 1, 1, 0, 1, 1, 0,  1,  1,  0,  1,  1,  1
 | 7: 1, 0, 1, 0, 1, 1, 1, 1, 0, 1,  0,  1,  1,  1,  1,  1
 | 8: 0, 1, 1, 1, 1, 0, 1, 1, 1, 1,  0,  1,  1,  1,  1,  0
 | 9: 1, 1, 1, 1, 0, 0, 0, 0, 1, 1,  1,  1,  1,  1,  1,  1
 |];
ucan1 = 
[|    0: 1: 2: 3: 4: 5: 6: 7: 8: 9: 10: 11: 12: 13: 14: 15: 
 | 0: 0, 1, 0, 1, 1, 0, 0, 0, 0, 1,  0,  1,  1,  0,  1,  0
 | 1: 0, 0, 0, 0, 0, 0, 0, 0, 0, 0,  0,  0,  1,  1,  1,  1
 | 2: 1, 0, 1, 1, 0, 1, 1, 1, 1, 1,  1,  0,  1,  1,  0,  1
 | 3: 0, 0, 0, 0, 0, 0, 0, 0, 0, 0,  0,  0,  0,  0,  0,  0
 | 4: 0, 0, 0, 0, 0, 0, 0, 0, 0, 0,  0,  0,  0,  0,  0,  0
 | 5: 0, 0, 0, 0, 0, 0, 0, 0, 0, 0,  0,  0,  0,  0,  0,  0
 | 6: 0, 0, 0, 0, 0, 0, 0, 0, 0, 0,  0,  0,  0,  0,  0,  0
 | 7: 0, 0, 0, 0, 0, 0, 0, 0, 0, 0,  0,  0,  0,  0,  0,  0
 | 8: 0, 0, 0, 0, 0, 0, 0, 0, 0, 0,  0,  0,  0,  0,  0,  0
 | 9: 0, 0, 0, 0, 0, 0, 0, 0, 0, 0,  0,  0,  0,  0,  0,  0
 |];
uAC1 = 
[|    0: 1: 2: 3: 
 | 0: 3, 0, 3, 1
 | 1: 1, 1, 1, 1
 | 2: 0, 0, 0, 0
 | 3: 0, 0, 0, 0
 | 4: 2, 2, 0, 2
 | 5: 3, 3, 3, 3
 | 6: 3, 3, 3, 3
 | 7: 3, 3, 3, 3
 | 8: 3, 3, 3, 3
 |];
uLANE0 = [0: 0, 1: 1, 2: 1, 3: 1, 4: 1, 5: 0, 6: 1, 7: 1, 8: 1, 9: 1, 10: 0, 11: 1, 12: 1, 13: 1, 14: 1, 15: 0];
uT1Can0 = [0: 0, 1: 1, 2: 1, 3: 1, 4: 1, 5: 0, 6: 1, 7: 1, 8: 1, 9: 1, 10: 0, 11: 1, 12: 1, 13: 1, 14: 1, 15: 0];
uT2a0 = 
[|    0: 1: 2: 3: 
 | 0: 4, 0, 4, 1
 | 1: 2, 2, 2, 2
 | 2: 0, 0, 0, 0
 | 3: 0, 0, 0, 0
 | 4: 4, 4, 0, 4
 | 5: 4, 4, 4, 4
 | 6: 4, 4, 4, 4
 | 7: 4, 4, 4, 4
 | 8: 4, 4, 4, 4
 |];
uT2b0 = 
[|    0: 1: 2: 3: 
 | 0: 0, 0, 0, 0
 | 1: 1, 1, 1, 1
 | 2: 0, 0, 0, 0
 | 3: 0, 0, 0, 0
 | 4: 0, 0, 0, 0
 | 5: 0, 0, 0, 0
 | 6: 0, 0, 0, 0
 | 7: 0, 0, 0, 0
 | 8: 0, 0, 0, 0
 |];
uT2c0 = 
[|    0: 1: 2: 3: 
 | 0: 0, 0, 0, 4
 | 1: 3, 3, 3, 3
 | 2: 0, 0, 0, 0
 | 3: 0, 0, 0, 0
 | 4: 0, 0, 0, 0
 | 5: 0, 0, 0, 0
 | 6: 0, 0, 0, 0
 | 7: 0, 0, 0, 0
 | 8: 0, 0, 0, 0
 |];
uT2Can0 = 
[|    0: 1: 2: 3: 
 | 0: 0, 0, 0, 3
 | 1: 2, 2, 2, 2
 | 2: 0, 0, 0, 0
 | 3: 0, 0, 0, 0
 | 4: 0, 0, 0, 0
 | 5: 0, 0, 0, 0
 | 6: 0, 0, 0, 0
 | 7: 0, 0, 0, 0
 | 8: 0, 0, 0, 0
 |];
uLANE1 = [0: 0, 1: 1, 2: 1, 3: 1, 4: 1, 5: 0, 6: 1, 7: 1, 8: 1, 9: 1, 10: 0, 11: 1, 12: 1, 13: 1, 14: 1, 15: 0];
uT1Can1 = [0: 0, 1: 1, 2: 1, 3: 1, 4: 1, 5: 0, 6: 1, 7: 1, 8: 1, 9: 1, 10: 0, 11: 1, 12: 1, 13: 1, 14: 1, 15: 0];
uT2a1 = 
[|    0: 1: 2: 3: 
 | 0: 4, 0, 4, 1
 | 1: 2, 2, 2, 2
 | 2: 0, 0, 0, 0
 | 3: 0, 0, 0, 0
 | 4: 4, 4, 0, 4
 | 5: 4, 4, 4, 4
 | 6: 4, 4, 4, 4
 | 7: 4, 4, 4, 4
 | 8: 4, 4, 4, 4
 |];
uT2b1 = 
[|    0: 1: 2: 3: 
 | 0: 0, 0, 0, 0
 | 1: 1, 1, 1, 1
 | 2: 0, 0, 0, 0
 | 3: 0, 0, 0, 0
 | 4: 0, 0, 0, 0
 | 5: 0, 0, 0, 0
 | 6: 0, 0, 0, 0
 | 7: 0, 0, 0, 0
 | 8: 0, 0, 0, 0
 |];
uT2c1 = 
[|    0: 1: 2: 3: 
 | 0: 0, 0, 0, 4
 | 1: 3, 3, 3, 3
 | 2: 0, 0, 0, 0
 | 3: 0, 0, 0, 0
 | 4: 0, 0, 0, 0
 | 5: 0, 0, 0, 0
 | 6: 0, 0, 0, 0
 | 7: 0, 0, 0, 0
 | 8: 0, 0, 0, 0
 |];
uT2Can1 = 
[|    0: 1: 2: 3: 
 | 0: 0, 0, 0, 3
 | 1: 2, 2, 2, 2
 | 2: 0, 0, 0, 0
 | 3: 0, 0, 0, 0
 | 4: 0, 0, 0, 0
 | 5: 0, 0, 0, 0
 | 6: 0, 0, 0, 0
 | 7: 0, 0, 0, 0
 | 8: 0, 0, 0, 0
 |];
uGstk0 = 
[|    0: 1: 2: 3: 4: 5: 6: 7: 8: 9: 10: 11: 12: 13: 14: 15: 
 | 0: 0, 0, 0, 0, 0, 0, 1, 0, 0, 0,  0,  0,  0,  0,  0,  0
 | 1: 0, 0, 0, 0, 0, 0, 0, 0, 0, 0,  0,  0,  0,  0,  0,  0
 |];
udetW0 = 
[|     0: 1: 2: 3: 4: 5: 6: 7: 8: 9: 10: 11: 12: 13: 14: 15: 
 | -1: 1, 1, 1, 1, 1, 1, 1, 1, 1, 1,  1,  1,  1,  1,  1,  1
 |  0: 0, 0, 0, 0, 0, 0, 0, 0, 0, 0,  0,  0,  0,  0,  0,  0
 |  1: 0, 0, 0, 0, 0, 0, 0, 0, 0, 0,  0,  0,  0,  0,  0,  0
 |];
udetX0 = 
[|    0: 1: 2: 3: 4: 5: 6: 7: 8: 9: 10: 11: 12: 13: 14: 15: 
 | 0: 0, 0, 0, 0, 0, 0, 1, 0, 0, 0,  0,  0,  0,  0,  0,  0
 | 1: 0, 0, 0, 0, 0, 0, 0, 0, 0, 0,  0,  0,  0,  0,  0,  0
 |];
udetY0 = 
[|    0: 1: 2: 3: 4: 5: 6: 7: 8: 9: 10: 11: 12: 13: 14: 15: 
 | 0: 0, 0, 0, 0, 0, 0, 1, 0, 0, 0,  0,  0,  0,  0,  0,  0
 | 1: 0, 0, 0, 0, 0, 0, 0, 0, 0, 0,  0,  0,  0,  0,  0,  0
 |];
udetZ0 = 
[|    0: 1: 2: 3: 4: 5: 6: 7: 8: 9: 10: 11: 12: 13: 14: 15: 
 | 0: 0, 0, 0, 0, 0, 0, 0, 0, 0, 0,  0,  0,  0,  0,  1,  0
 | 1: 0, 0, 0, 0, 0, 0, 0, 0, 0, 0,  0,  0,  0,  0,  0,  0
 |];
uFrSB0 = 
[|    0: 1: 2: 3: 4: 5: 6: 7: 8: 9: 10: 11: 12: 13: 14: 15: 
 | 0: 0, 0, 0, 0, 0, 0, 1, 0, 0, 0,  0,  0,  0,  0,  0,  0
 | 1: 0, 0, 0, 0, 0, 0, 0, 0, 0, 0,  0,  0,  0,  0,  0,  0
 |];
uFrMC0 = 
[|    0: 1: 2: 3: 4: 5: 6: 7: 8: 9: 10: 11: 12: 13: 14: 15: 
 | 0: 0, 0, 0, 0, 0, 0, 0, 0, 0, 0,  0,  0,  0,  0,  0,  0
 | 1: 0, 0, 0, 0, 0, 0, 0, 0, 0, 0,  0,  0,  0,  0,  0,  0
 |];
uGstk1 = 
[|    0: 1: 2: 3: 4: 5: 6: 7: 8: 9: 10: 11: 12: 13: 14: 15: 
 | 0: 0, 0, 0, 0, 0, 0, 1, 0, 0, 0,  0,  0,  0,  0,  0,  0
 | 1: 0, 0, 0, 0, 0, 0, 0, 0, 0, 0,  0,  0,  0,  0,  0,  0
 |];
udetW1 = 
[|     0: 1: 2: 3: 4: 5: 6: 7: 8: 9: 10: 11: 12: 13: 14: 15: 
 | -1: 1, 1, 1, 1, 1, 1, 1, 1, 1, 1,  1,  1,  1,  1,  1,  1
 |  0: 0, 0, 0, 0, 0, 0, 0, 0, 0, 0,  0,  0,  0,  0,  0,  0
 |  1: 0, 0, 0, 0, 0, 0, 0, 0, 0, 0,  0,  0,  0,  0,  0,  0
 |];
udetX1 = 
[|    0: 1: 2: 3: 4: 5: 6: 7: 8: 9: 10: 11: 12: 13: 14: 15: 
 | 0: 0, 0, 0, 0, 0, 0, 1, 0, 0, 0,  0,  0,  0,  0,  0,  0
 | 1: 0, 0, 0, 0, 0, 0, 0, 0, 0, 0,  0,  0,  0,  0,  0,  0
 |];
udetY1 = 
[|    0: 1: 2: 3: 4: 5: 6: 7: 8: 9: 10: 11: 12: 13: 14: 15: 
 | 0: 0, 0, 0, 0, 0, 0, 1, 0, 0, 0,  0,  0,  0,  0,  0,  0
 | 1: 0, 0, 0, 0, 0, 0, 0, 0, 0, 0,  0,  0,  0,  0,  0,  0
 |];
udetZ1 = 
[|    0: 1: 2: 3: 4: 5: 6: 7: 8: 9: 10: 11: 12: 13: 14: 15: 
 | 0: 0, 0, 0, 0, 0, 0, 0, 0, 0, 0,  0,  0,  0,  0,  1,  0
 | 1: 0, 0, 0, 0, 0, 0, 0, 0, 0, 0,  0,  0,  0,  0,  0,  0
 |];
uFrSB1 = 
[|    0: 1: 2: 3: 4: 5: 6: 7: 8: 9: 10: 11: 12: 13: 14: 15: 
 | 0: 0, 0, 0, 0, 0, 0, 1, 0, 0, 0,  0,  0,  0,  0,  0,  0
 | 1: 0, 0, 0, 0, 0, 0, 0, 0, 0, 0,  0,  0,  0,  0,  0,  0
 |];
uFrMC1 = 
[|    0: 1: 2: 3: 4: 5: 6: 7: 8: 9: 10: 11: 12: 13: 14: 15: 
 | 0: 0, 0, 0, 0, 0, 0, 0, 0, 0, 0,  0,  0,  0,  0,  0,  0
 | 1: 0, 0, 0, 0, 0, 0, 0, 0, 0, 0,  0,  0,  0,  0,  0,  0
 |];
lW0 = 
[|     0: 1: 2: 3: 4: 5: 6: 7: 8: 9: 10: 11: 12: 13: 14: 15: 
 |  2: 3, 3, 3, 3, 3, 3, 3, 3, 3, 3,  3,  3,  3,  3,  3,  3
 |  3: 3, 3, 3, 3, 3, 3, 3, 3, 3, 3,  3,  3,  3,  3,  3,  3
 |  4: 0, 3, 3, 2, 3, 0, 3, 3, 3, 2,  0,  3,  3,  3,  2,  0
 |  5: 0, 0, 0, 0, 0, 2, 0, 0, 0, 0,  2,  1,  1,  0,  0,  2
 |  6: 0, 0, 1, 1, 0, 0, 0, 0, 0, 0,  0,  0,  0,  0,  0,  0
 |  7: 0, 0, 0, 0, 0, 0, 0, 0, 0, 0,  0,  0,  0,  0,  0,  0
 |  8: 0, 0, 0, 0, 0, 0, 0, 0, 0, 0,  0,  0,  0,  0,  0,  0
 |  9: 2, 2, 2, 2, 0, 0, 0, 0, 0, 0,  0,  0,  2,  2,  2,  2
 | 10: 3, 3, 3, 3, 3, 3, 3, 3, 3, 3,  3,  3,  3,  3,  3,  3
 |];
lX0 = 
[|     0: 1: 2: 3: 4: 5: 6: 7: 8: 9: 10: 11: 12: 13: 14: 15: 
 |  2: 3, 3, 3, 3, 3, 3, 3, 3, 3, 3,  3,  3,  3,  3,  3,  3
 |  3: 3, 3, 3, 3, 3, 3, 3, 3, 3, 3,  3,  3,  3,  3,  3,  3
 |  4: 3, 3, 3, 3, 3, 3, 3, 3, 3, 3,  3,  3,  3,  3,  3,  3
 |  5: 0, 3, 3, 2, 2, 0, 3, 3, 3, 2,  0,  3,  3,  3,  2,  0
 |  6: 0, 0, 0, 0, 0, 2, 0, 0, 0, 0,  2,  0,  0,  0,  0,  2
 |  7: 0, 0, 0, 0, 0, 0, 0, 0, 0, 0,  0,  0,  0,  0,  0,  0
 |  8: 0, 0, 0, 0, 0, 0, 0, 0, 0, 0,  0,  0,  0,  0,  0,  0
 |  9: 0, 0, 0, 0, 0, 1, 0, 0, 0, 0,  0,  0,  1,  0,  0,  0
 | 10: 2, 2, 2, 3, 1, 0, 0, 0, 0, 0,  0,  0,  2,  2,  2,  2
 | 11: 3, 3, 3, 3, 3, 3, 3, 3, 3, 3,  3,  3,  3,  3,  3,  3
 |];
lY0 = 
[|     0: 1: 2: 3: 4: 5: 6: 7: 8: 9: 10: 11: 12: 13: 14: 15: 
 |  2: 3, 3, 3, 3, 3, 3, 3, 3, 3, 3,  3,  3,  3,  3,  3,  3
 |  3: 3, 3, 3, 3, 3, 3, 3, 3, 3, 3,  3,  3,  3,  3,  3,  3
 |  4: 3, 3, 3, 3, 3, 3, 3, 3, 3, 3,  3,  3,  3,  3,  3,  3
 |  5: 0, 3, 3, 2, 2, 0, 3, 3, 3, 2,  0,  3,  3,  3,  2,  0
 |  6: 0, 0, 0, 0, 0, 1, 0, 0, 0, 0,  1,  0,  0,  0,  0,  1
 |  7: 0, 0, 0, 0, 0, 0, 0, 0, 0, 0,  0,  0,  0,  0,  0,  0
 |  8: 0, 0, 0, 0, 0, 0, 0, 0, 0, 0,  0,  0,  0,  0,  0,  0
 |  9: 0, 0, 0, 0, 0, 2, 0, 0, 0, 0,  0,  0,  2,  0,  0,  0
 | 10: 2, 2, 2, 3, 2, 0, 0, 0, 0, 0,  0,  0,  2,  2,  2,  2
 |];
lZ0 = 
[|     0: 1: 2: 3: 4: 5: 6: 7: 8: 9: 10: 11: 12: 13: 14: 15: 
 |  2: 3, 3, 3, 3, 3, 3, 3, 3, 3, 3,  3,  3,  3,  3,  3,  3
 |  3: 3, 3, 3, 3, 3, 3, 3, 3, 3, 3,  3,  3,  3,  3,  3,  3
 |  4: 3, 3, 3, 3, 3, 3, 3, 3, 3, 3,  3,  3,  3,  3,  3,  3
 |  5: 0, 0, 0, 0, 2, 2, 2, 2, 3, 3,  3,  3,  3,  3,  3,  3
 |  6: 0, 1, 1, 1, 0, 0, 0, 0, 0, 0,  0,  0,  0,  0,  0,  0
 |  7: 0, 0, 0, 0, 0, 0, 0, 0, 0, 0,  0,  0,  0,  0,  0,  0
 |  8: 0, 0, 0, 0, 0, 0, 0, 0, 0, 0,  0,  0,  0,  0,  0,  0
 |  9: 0, 2, 0, 0, 0, 0, 0, 0, 0, 0,  0,  0,  2,  0,  0,  0
 | 10: 2, 0, 0, 2, 2, 0, 2, 3, 0, 2,  2,  0,  2,  2,  0,  0
 |];
lstk0 = 
[|     0: 1: 2: 3: 4: 5: 6: 7: 8: 9: 10: 11: 12: 13: 14: 15: 
 |  3: 0, 0, 0, 0, 0, 0, 0, 0, 0, 0,  1,  1,  0,  0,  0,  0
 |  4: 0, 0, 1, 0, 0, 1, 0, 0, 0, 0,  0,  0,  0,  0,  0,  0
 |  5: 0, 0, 0, 0, 1, 0, 0, 0, 0, 0,  0,  0,  0,  1,  0,  0
 |  6: 0, 0, 0, 0, 0, 0, 0, 0, 0, 0,  0,  1,  1,  0,  0,  0
 |  7: 0, 0, 1, 1, 0, 0, 0, 0, 0, 0,  0,  0,  0,  0,  0,  0
 |  8: 0, 0, 0, 0, 0, 0, 0, 0, 0, 0,  0,  0,  0,  0,  0,  0
 |  9: 0, 0, 0, 0, 0, 1, 0, 0, 0, 0,  0,  0,  1,  0,  0,  0
 | 10: 0, 0, 0, 1, 1, 0, 0, 0, 0, 0,  0,  0,  0,  0,  0,  0
 | 11: 0, 0, 0, 0, 0, 0, 0, 0, 0, 0,  1,  1,  0,  0,  0,  0
 |];
lcan0 = 
[|     0: 1: 2: 3: 4: 5: 6: 7: 8: 9: 10: 11: 12: 13: 14: 15: 
 |  3: 0, 0, 0, 0, 0, 0, 0, 0, 0, 0,  0,  0,  0,  0,  0,  0
 |  4: 0, 0, 0, 0, 0, 0, 0, 0, 0, 0,  0,  0,  0,  0,  0,  0
 |  5: 0, 0, 0, 0, 0, 0, 0, 0, 0, 0,  0,  0,  0,  0,  0,  0
 |  6: 0, 0, 0, 0, 0, 0, 0, 0, 0, 0,  0,  1,  1,  0,  0,  0
 |  7: 0, 0, 1, 1, 0, 0, 0, 0, 0, 0,  0,  0,  0,  0,  0,  0
 |  8: 0, 0, 0, 0, 0, 0, 0, 0, 0, 0,  0,  0,  0,  0,  0,  0
 |  9: 0, 0, 0, 0, 0, 0, 0, 0, 0, 0,  0,  0,  0,  0,  0,  0
 | 10: 0, 0, 0, 0, 0, 0, 0, 0, 0, 0,  0,  0,  0,  0,  0,  0
 | 11: 0, 0, 0, 0, 0, 0, 0, 0, 0, 0,  0,  0,  0,  0,  0,  0
 |];
lAC0 = 
[|     0: 1: 2: 3: 
 |  2: 3, 3, 3, 3
 |  3: 3, 3, 3, 3
 |  4: 3, 3, 3, 3
 |  5: 0, 2, 2, 2
 |  6: 1, 0, 0, 0
 |  7: 0, 0, 0, 0
 |  8: 0, 0, 0, 0
 |  9: 2, 0, 0, 2
 | 10: 2, 3, 2, 2
 |];
lW1 = 
[|     0: 1: 2: 3: 4: 5: 6: 7: 8: 9: 10: 11: 12: 13: 14: 15: 
 |  2: 3, 3, 3, 3, 3, 3, 3, 3, 3, 3,  3,  3,  3,  3,  3,  3
 |  3: 3, 3, 3, 3, 3, 3, 3, 3, 3, 3,  3,  3,  3,  3,  3,  3
 |  4: 2, 3, 3, 2, 3, 2, 3, 3, 3, 2,  2,  3,  3,  3,  2,  2
 |  5: 2, 0, 0, 0, 0, 2, 0, 0, 0, 0,  2,  1,  1,  0,  0,  2
 |  6: 0, 0, 1, 1, 0, 0, 0, 0, 0, 0,  0,  0,  0,  0,  0,  0
 |  7: 0, 0, 0, 0, 0, 0, 0, 0, 0, 0,  0,  0,  0,  0,  0,  0
 |  8: 0, 0, 0, 0, 0, 0, 0, 0, 0, 0,  0,  0,  0,  0,  0,  0
 |  9: 2, 2, 2, 2, 0, 0, 0, 0, 0, 0,  0,  0,  2,  2,  2,  2
 | 10: 3, 3, 3, 3, 3, 3, 3, 3, 3, 3,  3,  3,  3,  3,  3,  3
 |];
lX1 = 
[|     0: 1: 2: 3: 4: 5: 6: 7: 8: 9: 10: 11: 12: 13: 14: 15: 
 |  2: 3, 3, 3, 3, 3, 3, 3, 3, 3, 3,  3,  3,  3,  3,  3,  3
 |  3: 3, 3, 3, 3, 3, 3, 3, 3, 3, 3,  3,  3,  3,  3,  3,  3
 |  4: 3, 3, 3, 3, 3, 3, 3, 3, 3, 3,  3,  3,  3,  3,  3,  3
 |  5: 2, 3, 3, 2, 2, 2, 3, 3, 3, 2,  2,  3,  3,  3,  2,  2
 |  6: 2, 0, 0, 0, 0, 2, 0, 0, 0, 0,  2,  0,  0,  0,  0,  2
 |  7: 0, 0, 0, 0, 0, 0, 0, 0, 0, 0,  0,  0,  0,  0,  0,  0
 |  8: 0, 0, 0, 0, 0, 0, 0, 0, 0, 0,  0,  0,  0,  0,  0,  0
 |  9: 0, 0, 0, 0, 0, 1, 0, 0, 0, 0,  0,  0,  1,  0,  0,  0
 | 10: 2, 2, 2, 3, 1, 0, 0, 0, 0, 0,  0,  0,  2,  2,  2,  2
 | 11: 3, 3, 3, 3, 3, 3, 3, 3, 3, 3,  3,  3,  3,  3,  3,  3
 |];
lY1 = 
[|     0: 1: 2: 3: 4: 5: 6: 7: 8: 9: 10: 11: 12: 13: 14: 15: 
 |  2: 3, 3, 3, 3, 3, 3, 3, 3, 3, 3,  3,  3,  3,  3,  3,  3
 |  3: 3, 3, 3, 3, 3, 3, 3, 3, 3, 3,  3,  3,  3,  3,  3,  3
 |  4: 3, 3, 3, 3, 3, 3, 3, 3, 3, 3,  3,  3,  3,  3,  3,  3
 |  5: 2, 3, 3, 2, 2, 2, 3, 3, 3, 2,  2,  3,  3,  3,  2,  2
 |  6: 1, 0, 0, 0, 0, 1, 0, 0, 0, 0,  1,  0,  0,  0,  0,  1
 |  7: 0, 0, 0, 0, 0, 0, 0, 0, 0, 0,  0,  0,  0,  0,  0,  0
 |  8: 0, 0, 0, 0, 0, 0, 0, 0, 0, 0,  0,  0,  0,  0,  0,  0
 |  9: 0, 0, 0, 0, 0, 2, 0, 0, 0, 0,  0,  0,  2,  0,  0,  0
 | 10: 2, 2, 2, 3, 2, 0, 0, 0, 0, 0,  0,  0,  2,  2,  2,  2
 |];
lZ1 = 
[|     0: 1: 2: 3: 4: 5: 6: 7: 8: 9: 10: 11: 12: 13: 14: 15: 
 |  2: 3, 3, 3, 3, 3, 3, 3, 3, 3, 3,  3,  3,  3,  3,  3,  3
 |  3: 3, 3, 3, 3, 3, 3, 3, 3, 3, 3,  3,  3,  3,  3,  3,  3
 |  4: 3, 3, 3, 3, 3, 3, 3, 3, 3, 3,  3,  3,  3,  3,  3,  3
 |  5: 2, 2, 2, 2, 2, 2, 2, 2, 3, 3,  3,  3,  3,  3,  3,  3
 |  6: 1, 1, 1, 1, 0, 0, 0, 0, 0, 0,  0,  0,  0,  0,  0,  0
 |  7: 0, 0, 0, 0, 0, 0, 0, 0, 0, 0,  0,  0,  0,  0,  0,  0
 |  8: 0, 0, 0, 0, 0, 0, 0, 0, 0, 0,  0,  0,  0,  0,  0,  0
 |  9: 0, 2, 0, 0, 0, 0, 0, 0, 0, 0,  0,  0,  2,  0,  0,  0
 | 10: 2, 0, 0, 2, 2, 0, 2, 3, 0, 2,  2,  0,  2,  2,  0,  0
 |];
lstk1 = 
[|     0: 1: 2: 3: 4: 5: 6: 7: 8: 9: 10: 11: 12: 13: 14: 15: 
 |  3: 0, 0, 0, 0, 0, 0, 0, 0, 0, 0,  1,  1,  0,  0,  0,  0
 |  4: 0, 0, 1, 0, 0, 1, 0, 0, 0, 0,  0,  0,  0,  0,  0,  0
 |  5: 0, 0, 0, 0, 1, 0, 0, 0, 0, 0,  0,  0,  0,  1,  0,  0
 |  6: 0, 0, 0, 0, 0, 0, 0, 0, 0, 0,  0,  1,  1,  0,  0,  0
 |  7: 0, 0, 1, 1, 0, 0, 0, 0, 0, 0,  0,  0,  0,  0,  0,  0
 |  8: 0, 0, 0, 0, 0, 0, 0, 0, 0, 0,  0,  0,  0,  0,  0,  0
 |  9: 0, 0, 0, 0, 0, 1, 0, 0, 0, 0,  0,  0,  1,  0,  0,  0
 | 10: 0, 0, 0, 1, 1, 0, 0, 0, 0, 0,  0,  0,  0,  0,  0,  0
 | 11: 0, 0, 0, 0, 0, 0, 0, 0, 0, 0,  1,  1,  0,  0,  0,  0
 |];
lcan1 = 
[|     0: 1: 2: 3: 4: 5: 6: 7: 8: 9: 10: 11: 12: 13: 14: 15: 
 |  3: 0, 0, 0, 0, 0, 0, 0, 0, 0, 0,  0,  0,  0,  0,  0,  0
 |  4: 0, 0, 0, 0, 0, 0, 0, 0, 0, 0,  0,  0,  0,  0,  0,  0
 |  5: 0, 0, 0, 0, 0, 0, 0, 0, 0, 0,  0,  0,  0,  0,  0,  0
 |  6: 0, 0, 0, 0, 0, 0, 0, 0, 0, 0,  0,  1,  1,  0,  0,  0
 |  7: 0, 0, 1, 1, 0, 0, 0, 0, 0, 0,  0,  0,  0,  0,  0,  0
 |  8: 0, 0, 0, 0, 0, 0, 0, 0, 0, 0,  0,  0,  0,  0,  0,  0
 |  9: 0, 0, 0, 0, 0, 0, 0, 0, 0, 0,  0,  0,  0,  0,  0,  0
 | 10: 0, 0, 0, 0, 0, 0, 0, 0, 0, 0,  0,  0,  0,  0,  0,  0
 | 11: 0, 0, 0, 0, 0, 0, 0, 0, 0, 0,  0,  0,  0,  0,  0,  0
 |];
lAC1 = 
[|     0: 1: 2: 3: 
 |  2: 3, 3, 3, 3
 |  3: 3, 3, 3, 3
 |  4: 3, 3, 3, 3
 |  5: 2, 2, 2, 2
 |  6: 1, 0, 0, 0
 |  7: 0, 0, 0, 0
 |  8: 0, 0, 0, 0
 |  9: 2, 0, 0, 2
 | 10: 2, 3, 2, 2
 |];
leqW0 = 
[|    0: 1: 2: 3: 4: 5: 6: 7: 8: 9: 10: 11: 12: 13: 14: 15: 
 | 9: 1, 3, 1, 1, 1, 1, 1, 1, 0, 0,  0,  0,  2,  0,  0,  0
 |];
leqX0 = 
[|     0: 1: 2: 3: 4: 5: 6: 7: 8: 9: 10: 11: 12: 13: 14: 15: 
 |  9: 0, 0, 0, 0, 0, 1, 0, 0, 0, 0,  0,  0,  1,  0,  0,  0
 | 10: 3, 3, 3, 3, 1, 0, 0, 0, 0, 0,  0,  0,  2,  2,  2,  2
 |];
leqY0 = 
[|     0: 1: 2: 3: 4: 5: 6: 7: 8: 9: 10: 11: 12: 13: 14: 15: 
 |  9: 0, 0, 0, 0, 0, 2, 0, 0, 0, 0,  0,  0,  2,  0,  0,  0
 | 10: 3, 3, 3, 3, 2, 0, 0, 0, 0, 0,  0,  0,  2,  2,  2,  2
 |];
leqZ0 = 
[|     0: 1: 2: 3: 4: 5: 6: 7: 8: 9: 10: 11: 12: 13: 14: 15: 
 |  9: 1, 0, 0, 1, 1, 3, 0, 0, 0, 1,  1,  0,  2,  0,  1,  1
 | 10: 3, 3, 3, 3, 2, 0, 0, 1, 1, 0,  0,  0,  2,  3,  2,  2
 |];
leqk0 = 
[|     0: 1: 2: 3: 4: 5: 6: 7: 8: 9: 10: 11: 12: 13: 14: 15: 
 | 10: 1, 0, 0, 1, 1, 1, 0, 0, 0, 1,  1,  0,  0,  0,  1,  1
 | 11: 0, 0, 1, 0, 0, 0, 0, 1, 1, 0,  0,  0,  0,  1,  0,  0
 |];
leqW1 = 
[|    0: 1: 2: 3: 4: 5: 6: 7: 8: 9: 10: 11: 12: 13: 14: 15: 
 | 9: 1, 3, 1, 1, 1, 1, 1, 1, 0, 0,  0,  0,  2,  0,  0,  0
 |];
leqX1 = 
[|     0: 1: 2: 3: 4: 5: 6: 7: 8: 9: 10: 11: 12: 13: 14: 15: 
 |  9: 0, 0, 0, 0, 0, 1, 0, 0, 0, 0,  0,  0,  1,  0,  0,  0
 | 10: 3, 3, 3, 3, 1, 0, 0, 0, 0, 0,  0,  0,  2,  2,  2,  2
 |];
leqY1 = 
[|     0: 1: 2: 3: 4: 5: 6: 7: 8: 9: 10: 11: 12: 13: 14: 15: 
 |  9: 0, 0, 0, 0, 0, 2, 0, 0, 0, 0,  0,  0,  2,  0,  0,  0
 | 10: 3, 3, 3, 3, 2, 0, 0, 0, 0, 0,  0,  0,  2,  2,  2,  2
 |];
leqZ1 = 
[|     0: 1: 2: 3: 4: 5: 6: 7: 8: 9: 10: 11: 12: 13: 14: 15: 
 |  9: 1, 0, 0, 1, 1, 3, 0, 0, 0, 1,  1,  0,  2,  0,  1,  1
 | 10: 3, 3, 3, 3, 2, 0, 0, 1, 1, 0,  0,  0,  2,  3,  2,  2
 |];
leqk1 = 
[|     0: 1: 2: 3: 4: 5: 6: 7: 8: 9: 10: 11: 12: 13: 14: 15: 
 | 10: 1, 0, 0, 1, 1, 1, 0, 0, 0, 1,  1,  0,  0,  0,  1,  1
 | 11: 0, 0, 1, 0, 0, 0, 0, 1, 1, 0,  0,  0,  0,  1,  0,  0
 |];
lLANE0 = [0: 0, 1: 0, 2: 0, 3: 0, 4: 0, 5: 0, 6: 0, 7: 0, 8: 0, 9: 0, 10: 1, 11: 0, 12: 0, 13: 1, 14: 0, 15: 0];
lT1Can0 = [0: 0, 1: 0, 2: 0, 3: 0, 4: 0, 5: 0, 6: 0, 7: 0, 8: 0, 9: 0, 10: 1, 11: 0, 12: 0, 13: 1, 14: 0, 15: 0];
lT2a0 = 
[|     0: 1: 2: 3: 
 |  2: 4, 4, 4, 4
 |  3: 4, 4, 4, 4
 |  4: 4, 4, 4, 4
 |  5: 0, 4, 4, 4
 |  6: 3, 0, 0, 0
 |  7: 0, 0, 0, 0
 |  8: 0, 0, 0, 0
 |  9: 1, 0, 0, 1
 | 10: 2, 3, 2, 2
 |];
lT2b0 = 
[|     0: 1: 2: 3: 
 |  2: 0, 0, 0, 0
 |  3: 0, 0, 0, 0
 |  4: 1, 1, 1, 1
 |  5: 0, 3, 2, 2
 |  6: 2, 0, 0, 0
 |  7: 0, 0, 0, 0
 |  8: 0, 0, 0, 0
 |  9: 0, 0, 0, 0
 | 10: 0, 0, 0, 0
 |];
lT2c0 = 
[|     0: 1: 2: 3: 
 |  2: 0, 0, 0, 0
 |  3: 0, 0, 0, 0
 |  4: 0, 0, 0, 0
 |  5: 0, 0, 1, 1
 |  6: 2, 0, 0, 0
 |  7: 0, 0, 0, 0
 |  8: 0, 0, 0, 0
 |  9: 0, 0, 0, 0
 | 10: 0, 0, 0, 0
 |];
lT2Can0 = 
[|     0: 1: 2: 3: 
 |  2: 0, 0, 0, 0
 |  3: 0, 0, 0, 0
 |  4: 0, 0, 0, 0
 |  5: 0, 0, 0, 0
 |  6: 1, 0, 0, 0
 |  7: 0, 0, 0, 0
 |  8: 0, 0, 0, 0
 |  9: 0, 0, 0, 0
 | 10: 0, 0, 0, 0
 |];
lLANE1 = [0: 0, 1: 0, 2: 0, 3: 0, 4: 0, 5: 0, 6: 0, 7: 0, 8: 0, 9: 0, 10: 1, 11: 0, 12: 0, 13: 1, 14: 0, 15: 0];
lT1Can1 = [0: 0, 1: 0, 2: 0, 3: 0, 4: 0, 5: 0, 6: 0, 7: 0, 8: 0, 9: 0, 10: 1, 11: 0, 12: 0, 13: 1, 14: 0, 15: 0];
lT2a1 = 
[|     0: 1: 2: 3: 
 |  2: 4, 4, 4, 4
 |  3: 4, 4, 4, 4
 |  4: 4, 4, 4, 4
 |  5: 4, 4, 4, 4
 |  6: 4, 0, 0, 0
 |  7: 0, 0, 0, 0
 |  8: 0, 0, 0, 0
 |  9: 1, 0, 0, 1
 | 10: 2, 3, 2, 2
 |];
lT2b1 = 
[|     0: 1: 2: 3: 
 |  2: 0, 0, 0, 0
 |  3: 0, 0, 0, 0
 |  4: 0, 0, 0, 0
 |  5: 3, 3, 2, 2
 |  6: 2, 0, 0, 0
 |  7: 0, 0, 0, 0
 |  8: 0, 0, 0, 0
 |  9: 0, 0, 0, 0
 | 10: 0, 0, 0, 0
 |];
lT2c1 = 
[|     0: 1: 2: 3: 
 |  2: 0, 0, 0, 0
 |  3: 0, 0, 0, 0
 |  4: 0, 0, 0, 0
 |  5: 0, 0, 1, 1
 |  6: 2, 0, 0, 0
 |  7: 0, 0, 0, 0
 |  8: 0, 0, 0, 0
 |  9: 0, 0, 0, 0
 | 10: 0, 0, 0, 0
 |];
lT2Can1 = 
[|     0: 1: 2: 3: 
 |  2: 0, 0, 0, 0
 |  3: 0, 0, 0, 0
 |  4: 0, 0, 0, 0
 |  5: 0, 0, 0, 0
 |  6: 0, 0, 0, 0
 |  7: 0, 0, 0, 0
 |  8: 0, 0, 0, 0
 |  9: 0, 0, 0, 0
 | 10: 0, 0, 0, 0
 |];
lGeqk0 = 
[|     0: 1: 2: 3: 4: 5: 6: 7: 8: 9: 10: 11: 12: 13: 14: 15: 
 | 10: 0, 0, 0, 0, 0, 1, 0, 0, 0, 0,  0,  0,  1,  0,  0,  0
 | 11: 1, 1, 1, 1, 1, 0, 0, 0, 0, 0,  0,  0,  1,  1,  1,  1
 |];
lDeqW0 = 
[|    0: 1: 2: 3: 4: 5: 6: 7: 8: 9: 10: 11: 12: 13: 14: 15: 
 | 9: 1, 1, 1, 1, 0, 0, 0, 0, 0, 0,  0,  0,  1,  1,  1,  1
 |];
lDeqX0 = 
[|     0: 1: 2: 3: 4: 5: 6: 7: 8: 9: 10: 11: 12: 13: 14: 15: 
 |  9: 0, 0, 0, 0, 0, 1, 0, 0, 0, 0,  0,  0,  1,  0,  0,  0
 | 10: 1, 1, 1, 1, 1, 0, 0, 0, 0, 0,  0,  0,  1,  1,  1,  1
 |];
lDeqY0 = 
[|     0: 1: 2: 3: 4: 5: 6: 7: 8: 9: 10: 11: 12: 13: 14: 15: 
 |  9: 0, 0, 0, 0, 0, 1, 0, 0, 0, 0,  0,  0,  1,  0,  0,  0
 | 10: 1, 1, 1, 1, 1, 0, 0, 0, 0, 0,  0,  0,  1,  1,  1,  1
 |];
lDeqZ0 = 
[|     0: 1: 2: 3: 4: 5: 6: 7: 8: 9: 10: 11: 12: 13: 14: 15: 
 |  9: 1, 1, 0, 0, 0, 1, 1, 0, 0, 0,  1,  1,  1,  0,  0,  1
 | 10: 1, 1, 1, 1, 1, 1, 1, 1, 1, 1,  1,  1,  1,  1,  1,  1
 |];
lFrSB0 = 
[|     0: 1: 2: 3: 4: 5: 6: 7: 8: 9: 10: 11: 12: 13: 14: 15: 
 |  9: 0, 0, 0, 0, 0, 1, 0, 0, 0, 0,  0,  0,  1,  0,  0,  0
 | 10: 0, 0, 0, 0, 1, 0, 0, 0, 0, 0,  0,  0,  0,  0,  0,  0
 |];
lFrMC0 = 
[|    0: 1: 2: 3: 4: 5: 6: 7: 8: 9: 10: 11: 12: 13: 14: 15: 
 | 9: 1, 0, 1, 1, 0, 0, 0, 0, 0, 0,  0,  0,  0,  1,  1,  1
 |];
lGeqk1 = 
[|     0: 1: 2: 3: 4: 5: 6: 7: 8: 9: 10: 11: 12: 13: 14: 15: 
 | 10: 0, 0, 0, 0, 0, 1, 0, 0, 0, 0,  0,  0,  1,  0,  0,  0
 | 11: 1, 1, 1, 1, 1, 0, 0, 0, 0, 0,  0,  0,  1,  1,  1,  1
 |];
lDeqW1 = 
[|    0: 1: 2: 3: 4: 5: 6: 7: 8: 9: 10: 11: 12: 13: 14: 15: 
 | 9: 1, 1, 1, 1, 0, 0, 0, 0, 0, 0,  0,  0,  1,  1,  1,  1
 |];
lDeqX1 = 
[|     0: 1: 2: 3: 4: 5: 6: 7: 8: 9: 10: 11: 12: 13: 14: 15: 
 |  9: 0, 0, 0, 0, 0, 1, 0, 0, 0, 0,  0,  0,  1,  0,  0,  0
 | 10: 1, 1, 1, 1, 1, 0, 0, 0, 0, 0,  0,  0,  1,  1,  1,  1
 |];
lDeqY1 = 
[|     0: 1: 2: 3: 4: 5: 6: 7: 8: 9: 10: 11: 12: 13: 14: 15: 
 |  9: 0, 0, 0, 0, 0, 1, 0, 0, 0, 0,  0,  0,  1,  0,  0,  0
 | 10: 1, 1, 1, 1, 1, 0, 0, 0, 0, 0,  0,  0,  1,  1,  1,  1
 |];
lDeqZ1 = 
[|     0: 1: 2: 3: 4: 5: 6: 7: 8: 9: 10: 11: 12: 13: 14: 15: 
 |  9: 1, 1, 0, 0, 0, 1, 1, 0, 0, 0,  1,  1,  1,  0,  0,  1
 | 10: 1, 1, 1, 1, 1, 1, 1, 1, 1, 1,  1,  1,  1,  1,  1,  1
 |];
lFrSB1 = 
[|     0: 1: 2: 3: 4: 5: 6: 7: 8: 9: 10: 11: 12: 13: 14: 15: 
 |  9: 0, 0, 0, 0, 0, 1, 0, 0, 0, 0,  0,  0,  1,  0,  0,  0
 | 10: 0, 0, 0, 0, 1, 0, 0, 0, 0, 0,  0,  0,  0,  0,  0,  0
 |];
lFrMC1 = 
[|    0: 1: 2: 3: 4: 5: 6: 7: 8: 9: 10: 11: 12: 13: 14: 15: 
 | 9: 1, 0, 1, 1, 0, 0, 0, 0, 0, 0,  0,  0,  0,  1,  1,  1
 |];
flagX = 
[|    0: 1: 2: 3: 4: 5: 6: 7: 8: 9: 10: 11: 12: 13: 14: 15: 
 | 2: 0, 0, 0, 0, 0, 0, 0, 0, 0, 0,  0,  0,  0,  0,  0,  0
 | 3: 0, 0, 0, 0, 0, 0, 0, 0, 0, 0,  0,  0,  0,  0,  0,  0
 | 4: 0, 0, 0, 0, 0, 0, 0, 0, 0, 0,  0,  0,  0,  0,  0,  0
 | 5: 0, 0, 0, 0, 0, 0, 0, 0, 0, 0,  0,  0,  0,  0,  0,  0
 | 6: 0, 0, 0, 0, 0, 0, 0, 0, 0, 0,  0,  0,  0,  0,  0,  0
 | 7: 0, 0, 0, 0, 0, 0, 0, 0, 0, 0,  0,  0,  0,  0,  0,  0
 | 8: 0, 0, 0, 0, 0, 0, 0, 0, 0, 0,  0,  0,  0,  0,  0,  0
 |];
flagZ = 
[|    0: 1: 2: 3: 4: 5: 6: 7: 8: 9: 10: 11: 12: 13: 14: 15: 
 | 2: 0, 0, 0, 0, 0, 0, 0, 0, 0, 0,  0,  0,  0,  0,  0,  0
 | 3: 0, 0, 0, 0, 0, 0, 0, 0, 0, 0,  0,  0,  0,  0,  0,  0
 | 4: 0, 0, 0, 0, 0, 0, 0, 0, 0, 0,  0,  0,  0,  0,  0,  0
 | 5: 0, 0, 0, 0, 0, 0, 0, 0, 0, 0,  0,  0,  0,  0,  0,  0
 | 6: 0, 0, 0, 0, 0, 0, 0, 0, 0, 0,  0,  0,  0,  0,  0,  0
 | 7: 0, 0, 0, 0, 0, 0, 0, 0, 0, 0,  0,  0,  0,  0,  0,  0
 | 8: 0, 0, 0, 0, 0, 0, 0, 0, 0, 0,  0,  0,  0,  0,  0,  0
 |];
flagW = 
[|    0: 1: 2: 3: 4: 5: 6: 7: 8: 9: 10: 11: 12: 13: 14: 15: 
 | 2: 0, 0, 0, 0, 0, 0, 0, 0, 0, 0,  0,  0,  0,  0,  0,  0
 | 3: 0, 0, 0, 0, 0, 0, 0, 0, 0, 0,  0,  0,  0,  0,  0,  0
 | 4: 0, 0, 0, 0, 0, 0, 0, 0, 0, 0,  1,  0,  0,  0,  0,  0
 | 5: 0, 0, 0, 0, 0, 0, 0, 0, 0, 0,  0,  0,  0,  0,  0,  0
 | 6: 0, 0, 0, 0, 0, 0, 0, 0, 0, 0,  0,  0,  0,  0,  0,  0
 | 7: 0, 0, 0, 0, 0, 0, 0, 0, 0, 0,  0,  0,  0,  0,  0,  0
 | 8: 0, 0, 0, 0, 0, 0, 0, 0, 0, 0,  0,  0,  0,  0,  0,  0
 |];
flagBCT = 
[|    0: 1: 2: 3: 4: 5: 6: 7: 8: 9: 10: 11: 12: 13: 14: 15: 
 | 2: 0, 0, 0, 0, 0, 0, 0, 0, 0, 0,  0,  0,  0,  0,  0,  0
 | 3: 0, 0, 0, 0, 0, 0, 0, 0, 0, 0,  0,  0,  0,  0,  0,  0
 | 4: 0, 0, 0, 0, 0, 0, 0, 0, 0, 0,  0,  0,  0,  0,  0,  0
 | 5: 0, 0, 0, 0, 0, 0, 0, 0, 0, 0,  0,  0,  0,  0,  0,  0
 | 6: 0, 0, 0, 0, 0, 0, 0, 0, 0, 0,  0,  0,  0,  0,  0,  0
 | 7: 0, 0, 0, 0, 0, 0, 0, 0, 0, 0,  0,  0,  0,  0,  0,  0
 | 8: 0, 0, 0, 0, 0, 0, 0, 0, 0, 0,  0,  0,  0,  0,  0,  0
 |];
flagGBCT = 
[|    0: 1: 2: 3: 4: 5: 6: 7: 8: 9: 10: 11: 12: 13: 14: 15: 
 | 2: 0, 0, 0, 0, 0, 0, 0, 0, 0, 0,  0,  0,  0,  0,  0,  0
 | 3: 0, 0, 0, 0, 0, 0, 0, 0, 0, 0,  0,  0,  0,  0,  0,  0
 | 4: 0, 0, 0, 0, 0, 0, 0, 0, 0, 0,  0,  0,  0,  0,  0,  0
 | 5: 0, 0, 0, 0, 0, 0, 0, 0, 0, 0,  0,  0,  0,  0,  0,  0
 | 6: 0, 0, 0, 0, 0, 0, 0, 0, 0, 0,  0,  0,  0,  0,  0,  0
 | 7: 0, 0, 0, 0, 0, 0, 0, 0, 0, 0,  0,  0,  0,  0,  0,  0
 | 8: 0, 0, 0, 0, 0, 0, 0, 0, 0, 0,  0,  0,  0,  0,  0,  0
 |];
uZs = 
[|    0: 1: 2: 3: 4: 5: 6: 7: 8: 9: 10: 11: 12: 13: 14: 15: 
 | 2: 0, 0, 0, 0, 0, 0, 0, 0, 0, 0,  0,  0,  0,  0,  0,  0
 | 3: 0, 0, 0, 0, 0, 0, 0, 0, 0, 0,  0,  0,  0,  0,  0,  0
 | 4: 3, 3, 3, 3, 3, 3, 3, 3, 0, 0,  0,  0,  3,  3,  3,  3
 | 5: 3, 3, 3, 3, 3, 3, 3, 3, 3, 3,  3,  3,  3,  3,  3,  3
 | 6: 3, 3, 3, 3, 3, 3, 3, 3, 3, 3,  3,  3,  3,  3,  3,  3
 | 7: 3, 3, 3, 3, 3, 3, 3, 3, 3, 3,  3,  3,  3,  3,  3,  3
 | 8: 3, 3, 3, 3, 3, 3, 3, 3, 3, 3,  3,  3,  3,  3,  3,  3
 |];
lWs = 
[|    0: 1: 2: 3: 4: 5: 6: 7: 8: 9: 10: 11: 12: 13: 14: 15: 
 | 2: 3, 3, 3, 3, 3, 3, 3, 3, 3, 3,  3,  3,  3,  3,  3,  3
 | 3: 3, 3, 3, 3, 3, 3, 3, 3, 3, 3,  3,  3,  3,  3,  3,  3
 | 4: 2, 3, 3, 3, 3, 2, 3, 3, 3, 3,  2,  3,  3,  3,  3,  2
 | 5: 2, 0, 0, 0, 0, 3, 0, 0, 0, 0,  3,  1,  0,  0,  0,  3
 | 6: 0, 0, 0, 0, 0, 0, 0, 0, 0, 0,  0,  0,  0,  0,  0,  0
 | 7: 0, 0, 0, 0, 0, 0, 0, 0, 0, 0,  0,  0,  0,  0,  0,  0
 | 8: 0, 0, 0, 0, 0, 0, 0, 0, 0, 0,  0,  0,  0,  0,  0,  0
 |];
uACs = 
[|    0: 1: 2: 3: 
 | 2: 0, 0, 0, 0
 | 3: 0, 0, 0, 0
 | 4: 3, 3, 0, 3
 | 5: 3, 3, 3, 3
 | 6: 3, 3, 3, 3
 | 7: 3, 3, 3, 3
 | 8: 3, 3, 3, 3
 |];
lACs = 
[|    0: 1: 2: 3: 
 | 2: 3, 3, 3, 3
 | 3: 3, 3, 3, 3
 | 4: 3, 3, 3, 3
 | 5: 2, 3, 3, 3
 | 6: 0, 0, 0, 0
 | 7: 0, 0, 0, 0
 | 8: 0, 0, 0, 0
 |];
flagMC = 
[|    0: 1: 2: 3: 
 | 2: 0, 0, 0, 0
 | 3: 0, 0, 0, 0
 | 4: 0, 0, 0, 0
 | 5: 0, 0, 0, 0
 | 6: 0, 0, 0, 0
 | 7: 0, 0, 0, 0
 | 8: 0, 0, 0, 0
 |];
tz = 4.070389327891397;
rb0 = 9;
rb1 = 9;
rb = 9;
cb0 = 9;
cb1 = 9;
cb = 9;
mb0 = 17;
mb1 = 17;
mb = 17;
mbp = 1;
cbp0 = 1;
cbp1 = 1;
rf0 = 9;
rf1 = 9;
rf = 9;
cf0 = 9;
cf1 = 9;
cf = 9;
mf0 = 11;
mf1 = 11;
mf = 11;
mfp = 11;
cfp0 = 9;
cfp1 = 9;
D = 132.0703893278914;
Dc = 134.0703893278914;
Qc = 292.0703893278914;
Mc = 134.0703893278914;
T0 = 134.0703893278914;
T1 = 227.6109577092541;
T2p = 294.0703893278914;
T2c = 228.0703893278915;
T2 = 228.0703893278915;
T31 = 228.0703893278914;
T32 = 228.0703893278914;
T4 = 232.0;
Tc = 232.0;
----------
==========
